1 0 3 0 1 2 3 4 5 6 7 
6 7092 7106 0 1 
5 7092 7107 2 3 
3 7092 7109 4 5 
8 7092 7103 6 7 
4 7092 7108 8 9 
7 7092 7104 10 11 
2 7092 7110 12 13 
10 7093 7102 14 15 
9 7093 7103 16 17 
11 7093 7101 18 19 
15 7112 7324 0 1 
14 7112 7325 2 3 
12 7112 7326 4 5 
13 7112 7325 6 7 
21 7113 7320 8 9 
18 7113 7322 10 11 
17 7113 7323 12 13 
16 7113 7324 14 15 
20 7113 7320 16 17 
19 7113 7321 18 19 
22 7543 8176 0 1 
23 7587 8289 2 3 
28 9128 9131 0 1 
27 9128 9130 2 3 
24 9128 9134 4 5 
29 9128 9129 6 7 
25 9128 9133 8 9 
26 9128 9132 10 11 
30 9129 9130 6 7 
34 9139 9173 0 1 
35 9139 9177 2 3 
36 9139 9180 4 5 
40 9140 9177 6 7 
39 9140 9179 8 9 
41 9140 9179 10 11 
43 9140 9188 12 13 
42 9140 9189 14 15 
37 9140 9194 16 17 
38 9140 9193 18 19 
44 9225 9271 0 1 
46 9304 9346 0 1 
45 9304 9347 2 3 
48 9305 9345 4 5 
47 9305 9346 6 7 
52 9372 9428 0 1 
53 9372 9434 2 3 
49 9372 9451 4 5 
50 9372 9430 6 7 
51 9372 9470 8 9 
58 9373 9422 10 11 
54 9373 9453 12 13 
57 9373 9467 14 15 
56 9373 9492 16 17 
55 9373 10428 18 19 
59 9502 9540 0 1 
60 9503 9537 2 3 
65 9503 9540 4 5 
66 9503 9542 6 7 
63 9503 9542 8 9 
61 9503 9544 10 11 
62 9503 10430 12 13 
67 9503 10426 14 15 
68 9503 10425 16 17 
64 9503 10428 20 21 
69 10501 10521 0 1 
70 10501 10520 2 3 
78 10502 10514 4 5 
77 10502 10515 6 7 
75 10502 10516 8 9 
73 10502 10518 10 11 
74 10502 10517 12 13 
72 10502 10519 14 15 
76 10502 10516 16 17 
71 10502 10520 18 19 
79 10549 10606 0 1 
80 10549 10627 2 3 
81 10549 10642 4 5 
87 10550 10599 6 7 
85 10550 10611 8 9 
86 10550 10605 10 11 
83 10550 10631 12 13 
82 10550 10647 14 15 
88 10550 10669 16 17 
84 10550 45717 18 19 
90 10680 10714 0 1 
89 10680 10718 2 3 
91 10680 10721 4 5 
92 10680 45842 6 7 
93 10680 45848 8 9 
97 10681 10718 10 11 
96 10681 10720 12 13 
94 10681 10721 14 15 
98 10681 45848 16 17 
95 10681 45849 20 21 
99 26874 26877 22 23 24 25 26 27 28 29 
101 45859 45898 0 1 
102 45859 74058 2 3 
100 45859 74059 4 5 
108 45860 45895 6 7 
105 45860 45898 8 9 
107 45860 45900 10 11 
103 45860 45901 12 13 
104 45860 74057 14 15 
106 45860 74055 16 17 
109 45860 74052 18 19 
110 70170 74066 0 1 
111 70220 74061 6 7 
112 70931 70963 8 9 
114 72379 72404 8 9 
115 72424 72846 8 9 
116 72893 72895 8 9 
117 72926 72928 8 9 
118 73937 73965 8 9 
119 74001 74033 8 9 
120 74070 74078 0 1 
122 74070 74078 2 3 
124 74070 74076 4 5 
123 74070 74077 6 7 
121 74070 74078 8 9 
129 74071 74073 10 11 
127 74071 74075 12 13 
125 74071 74077 14 15 
128 74071 74074 16 17 
126 74071 74076 18 19 
136 74155 74187 0 1 
135 74155 74188 2 3 
134 74155 74188 4 5 
130 74155 74205 6 7 
131 74155 74208 8 9 
132 74155 74212 10 11 
133 74155 74210 12 13 
139 74156 74196 14 15 
138 74156 74196 16 17 
137 74156 74205 18 19 
141 74206 74240 0 1 
146 74206 74243 2 3 
145 74206 74243 4 5 
144 74206 74243 6 7 
142 74206 74243 14 15 
140 74206 74243 16 17 
143 74206 74244 18 19 
149 74207 74241 20 21 
148 74207 74243 22 23 
147 74207 74244 24 25 
150 74252 74287 0 1 
151 74252 74289 2 3 
152 74252 74291 4 5 
155 74253 74288 6 7 
157 74253 74288 8 9 
159 74253 74289 10 11 
158 74253 74289 12 13 
154 74253 74289 14 15 
153 74253 74290 16 17 
156 74253 74291 18 19 
160 74300 74335 0 1 
162 74301 74337 2 3 
167 74301 74337 4 5 
165 74301 74338 6 7 
161 74301 74337 8 9 
166 74301 74337 10 11 
164 74301 74339 12 13 
163 74301 74340 14 15 
168 74302 74338 16 17 
169 74302 74342 18 19 
170 74346 74384 0 1 
178 74347 74379 2 3 
173 74347 74379 4 5 
174 74347 74380 6 7 
177 74347 74380 8 9 
172 74347 74381 10 11 
175 74347 74380 12 13 
171 74347 74383 14 15 
176 74347 74383 16 17 
179 74348 74383 18 19 
185 74394 74429 0 1 
180 74394 74429 2 3 
183 74394 74432 4 5 
181 74394 74433 6 7 
184 74394 74433 8 9 
182 74394 74436 10 11 
187 74395 74433 12 13 
186 74395 74434 14 15 
188 74397 74433 16 17 
189 74397 74433 18 19 
193 74446 74478 0 1 
191 74446 74478 2 3 
194 74446 74478 4 5 
192 74446 74478 6 7 
190 74446 74480 8 9 
198 74447 74479 10 11 
196 74447 74479 12 13 
195 74447 74479 14 15 
197 74447 74479 16 17 
199 74447 74479 18 19 
201 74489 74521 0 1 
200 74489 74521 2 3 
208 74490 74522 4 5 
203 74490 74522 6 7 
204 74490 74522 8 9 
202 74490 74522 10 11 
206 74490 74522 12 13 
209 74490 74522 14 15 
207 74490 74523 16 17 
205 74490 74523 18 19 
210 74534 74566 0 1 
219 74535 74566 2 3 
212 74535 74567 4 5 
215 74535 74567 6 7 
213 74535 74567 8 9 
211 74535 74567 10 11 
214 74535 74567 12 13 
218 74535 74567 14 15 
216 74535 74567 16 17 
217 74535 74568 18 19 
220 74578 74610 0 1 
222 74579 74610 2 3 
223 74579 74610 4 5 
221 74579 74611 6 7 
226 74579 74611 8 9 
225 74579 74611 10 11 
224 74579 74611 12 13 
229 74580 74612 14 15 
228 74580 74612 16 17 
227 74580 74612 18 19 
231 74623 74655 0 1 
230 74623 74655 2 3 
233 74624 74656 4 5 
237 74624 74656 6 7 
234 74624 74656 8 9 
236 74624 74656 10 11 
239 74624 74656 12 13 
232 74624 74656 14 15 
238 74624 74656 16 17 
235 74624 74656 18 19 
240 74668 74700 0 1 
242 74668 74700 2 3 
241 74668 74700 4 5 
243 74668 74700 6 7 
244 74669 74701 8 9 
245 74669 74701 10 11 
246 74669 74701 12 13 
249 74669 74701 14 15 
248 74669 74701 16 17 
247 74669 74701 18 19 
250 74714 74742 0 1 
251 74714 74742 2 3 
253 74715 74743 4 5 
259 74715 74743 6 7 
252 74715 74743 8 9 
254 74715 74743 10 11 
257 74715 74743 12 13 
258 74715 74743 14 15 
256 74715 74744 16 17 
255 74715 74744 18 19 
260 74756 74784 0 1 
261 74756 74784 2 3 
267 74757 74785 4 5 
265 74757 74785 6 7 
266 74757 74785 8 9 
262 74757 74785 10 11 
268 74757 74785 12 13 
264 74757 74786 14 15 
263 74757 74786 16 17 
269 74757 74785 18 19 
270 74797 74826 0 1 
279 74798 74827 2 3 
273 74798 74826 4 5 
271 74798 74828 6 7 
275 74798 74827 8 9 
278 74798 74827 10 11 
277 74798 74827 12 13 
272 74798 74827 14 15 
274 74798 74827 16 17 
276 74798 74828 18 19 
281 74838 74867 0 1 
280 74838 74868 2 3 
285 74839 74867 4 5 
283 74839 74867 6 7 
284 74839 74868 8 9 
288 74839 74868 10 11 
282 74839 74868 12 13 
286 74839 74868 14 15 
287 74839 74868 16 17 
289 74843 74871 18 19 
296 74885 74913 0 1 
297 74885 74913 2 3 
291 74885 74913 4 5 
292 74885 74914 6 7 
295 74885 74914 8 9 
293 74885 74914 10 11 
294 74885 74914 12 13 
290 74885 74915 14 15 
298 74886 74914 16 17 
299 74886 74914 18 19 
300 74927 74955 0 1 
308 74928 74956 2 3 
307 74928 74956 4 5 
306 74928 74956 6 7 
305 74928 74956 8 9 
303 74928 74956 10 11 
304 74928 74956 12 13 
301 74928 74956 14 15 
302 74928 74957 16 17 
309 74930 74958 18 19 
310 74972 75004 0 1 
316 74973 75005 2 3 
318 74973 75005 4 5 
319 74973 75005 6 7 
314 74973 75005 8 9 
315 74973 75006 10 11 
313 74973 75006 12 13 
312 74973 75006 14 15 
311 74973 75006 16 17 
317 74973 75007 18 19 
322 75016 75047 0 1 
321 75016 75047 2 3 
325 75016 75047 4 5 
323 75016 75048 6 7 
324 75016 75048 8 9 
320 75016 75048 10 11 
329 75017 75049 12 13 
328 75017 75049 14 15 
326 75017 75049 16 17 
327 75017 75049 18 19 
332 75062 75098 0 1 
335 75062 75098 2 3 
330 75062 75098 4 5 
334 75062 75098 6 7 
333 75062 75098 8 9 
331 75062 75101 10 11 
337 75063 75099 12 13 
338 75063 75099 14 15 
339 75063 75099 16 17 
336 75063 75099 18 19 
343 75112 75149 0 1 
341 75112 75150 2 3 
340 75112 75151 4 5 
345 75112 75151 6 7 
342 75112 75150 8 9 
344 75112 75151 10 11 
349 75113 75150 12 13 
348 75113 75150 14 15 
347 75113 75151 16 17 
346 75113 75150 18 19 
353 75161 75197 0 1 
354 75161 75198 2 3 
351 75161 75198 4 5 
352 75161 75198 6 7 
350 75161 75199 8 9 
355 75162 75199 10 11 
358 75162 75199 12 13 
356 75162 75200 14 15 
359 75162 75200 16 17 
357 75162 75201 18 19 
360 75213 75251 0 1 
362 75213 75251 2 3 
361 75213 75252 4 5 
369 75214 75251 6 7 
363 75214 75251 8 9 
367 75214 75251 10 11 
365 75214 75252 12 13 
366 75214 75252 14 15 
364 75214 75253 16 17 
368 75214 75254 18 19 
375 75266 75315 0 1 
374 75266 75317 2 3 
372 75266 75312 4 5 
371 75266 75334 6 7 
373 75266 75329 8 9 
370 75266 75320 10 11 
376 75267 75314 12 13 
377 75267 75313 14 15 
378 75267 75317 16 17 
379 75267 75321 18 19 
381 75324 75424 0 1 
380 75324 75470 2 3 
383 75325 75430 4 5 
388 75325 75438 10 11 
384 75325 75458 12 13 
382 75325 75450 14 15 
386 75325 75434 16 17 
385 75325 75460 18 19 
387 75325 75437 20 21 
389 75325 75507 22 23 
390 75521 77032 0 1 
392 75521 80654 2 3 
391 75521 83646 4 5 
396 75522 76593 6 7 
397 75522 78755 8 9 
399 75522 78880 10 11 
395 75522 79889 12 13 
393 75522 81292 14 15 
394 75522 79514 16 17 
398 75522 77221 18 19 
404 78892 78924 0 1 
402 78892 78939 6 7 
403 78892 78945 8 9 
400 78892 78941 10 11 
401 78892 78945 18 19 
406 78893 78923 20 21 
407 78893 78925 22 23 
409 78893 78931 24 25 
405 78893 78932 26 27 
408 78893 78936 28 29 
410 78942 78981 0 1 
419 78943 78982 6 7 
415 78943 78982 10 11 
418 78943 78982 20 21 
412 78943 78982 22 23 
413 78943 79044 24 25 
414 78943 79044 26 27 
416 78943 79044 28 29 
411 78943 79045 30 31 
417 78943 79045 32 33 
423 78994 79031 0 1 
420 78994 79031 6 7 
424 78994 79031 8 9 
422 78994 79095 10 11 
421 78994 79095 18 19 
429 78995 79032 20 21 
428 78995 79032 22 23 
427 78995 79095 34 35 
425 78995 79096 36 37 
426 78995 79097 38 39 
433 79045 79147 0 1 
431 79045 79146 6 7 
434 79045 79146 8 9 
430 79045 79198 20 21 
432 79045 79202 22 23 
435 79046 79147 24 25 
438 79046 79147 26 27 
439 79046 79199 28 29 
437 79046 79206 30 31 
436 79046 79205 32 33 
443 79209 79249 0 1 
442 79209 79249 6 7 
447 79209 79250 8 9 
445 79209 79250 10 11 
444 79209 79250 18 19 
441 79209 79250 20 21 
440 79209 79250 22 23 
446 79209 79250 24 25 
448 79212 79252 26 27 
449 79212 79253 28 29 
452 79262 79300 0 1 
454 79262 79300 6 7 
453 79262 79300 8 9 
451 79262 79300 10 11 
455 79262 79300 18 19 
450 79262 79300 20 21 
459 79263 79301 22 23 
456 79263 79301 24 25 
457 79263 79301 26 27 
458 79263 79301 28 29 
462 79313 79577 0 1 
463 79313 79577 6 7 
464 79313 79577 8 9 
460 79313 79578 10 11 
466 79313 79577 18 19 
461 79313 79578 20 21 
465 79313 79579 22 23 
467 79314 79579 24 25 
469 79314 79579 26 27 
468 79314 79579 28 29 
470 79591 79633 0 1 
471 79591 79634 6 7 
472 79592 79634 8 9 
475 79592 79634 10 11 
478 79592 79634 16 17 
474 79592 79634 18 19 
473 79592 79634 20 21 
477 79592 79635 22 23 
479 79592 79634 24 25 
476 79592 79634 26 27 
480 79648 79802 0 1 
482 79648 79802 6 7 
481 79648 79802 8 9 
485 79649 79802 10 11 
486 79649 79803 16 17 
484 79649 79803 18 19 
488 79649 79803 20 21 
489 79649 79804 22 23 
487 79649 79803 24 25 
483 79649 79803 26 27 
496 79814 81126 0 1 
492 79814 81127 6 7 
491 79814 81127 8 9 
490 79814 81127 10 11 
495 79814 81127 16 17 
494 79814 81125 18 19 
493 79814 81127 20 21 
497 79815 81126 22 23 
499 79815 81126 24 25 
498 79815 81130 26 27 
504 94214 94973 0 1 2 3 4 5 6 7 8 9 10 11 12 13 14 15 16 17 18 19 20 21 
505 158977 159708 0 1 2 3 4 5 6 7 8 9 10 11 12 13 14 15 16 17 18 19 20 21 
506 162888 163603 0 1 2 3 4 5 6 7 8 9 10 11 12 13 14 15 16 17 18 19 20 21 
507 168485 169113 0 1 2 3 4 5 6 7 8 9 10 11 12 13 14 15 16 17 18 19 20 21 
509 171589 172250 0 1 2 3 4 5 6 7 8 9 10 11 12 13 14 15 16 17 18 19 20 21 
510 174938 175079 0 1 2 3 4 5 6 7 8 9 10 11 12 13 14 15 16 17 18 19 20 21 
511 176144 209481 0 1 
512 177926 177945 2 3 
513 177954 178107 2 3 
514 178132 178152 2 3 
515 178177 178337 2 3 
516 178357 178362 2 3 
517 178388 178409 2 3 
518 178425 178445 2 3 
519 178573 178612 2 3 
520 178633 178729 2 3 
521 178741 178751 2 3 
522 178759 178855 2 3 
524 179034 179065 2 3 
525 179093 179110 2 3 
526 179208 179213 2 3 
527 179232 179278 2 3 
528 179367 179626 2 3 
529 179648 179736 2 3 
530 179752 179852 2 3 
531 179855 179914 2 3 
532 180087 180149 2 3 
533 180151 180370 2 3 
534 180385 180438 2 3 
535 180454 180456 2 3 
536 180595 180708 2 3 
537 180726 180856 2 3 
538 180871 181152 2 3 
539 181109 181828 4 5 6 7 8 9 10 11 12 13 14 15 16 17 18 19 20 21 22 23 24 25 
541 250211 250217 0 1 
542 250540 250649 0 1 
543 250683 250863 0 1 
544 250878 250969 0 1 
545 250974 251094 0 1 
546 251101 251102 0 1 
547 251115 251227 0 1 
548 251487 251579 0 1 
549 251679 251720 0 1 
550 251853 251894 0 1 
551 251962 252085 0 1 
552 252120 253298 0 1 
553 252705 253302 2 3 
554 252839 252911 4 5 
555 252956 253028 4 5 
556 252997 253070 6 7 
557 253115 253187 4 5 
558 253125 253197 6 7 
559 253251 253291 4 5 
560 253319 253324 0 1 
561 253335 253356 0 1 
565 253627 253690 0 1 
562 253627 253699 2 3 
563 253627 253722 4 5 
564 253627 253716 6 7 
568 253628 253700 8 9 
570 253628 253697 10 11 
567 253628 253723 12 13 
569 253628 253718 14 15 
566 253628 253758 16 17 
571 253628 253729 18 19 
572 253739 253777 0 1 
576 253740 253773 2 3 
577 253740 253773 4 5 
579 253740 253774 6 7 
578 253740 253775 8 9 
573 253740 253777 10 11 
580 253740 253778 12 13 
581 253740 253779 14 15 
575 253740 253778 18 19 
574 253740 253779 20 21 
582 253792 253829 0 1 
584 253793 253827 2 3 
588 253793 253828 4 5 
586 253793 253828 6 7 
587 253793 253827 8 9 
583 253793 253829 10 11 
591 253793 253831 12 13 
590 253793 253831 14 15 
589 253793 253831 16 17 
585 253793 253833 18 19 
594 253844 253879 0 1 
595 253844 253881 2 3 
592 253844 253881 4 5 
598 253844 253882 6 7 
597 253844 253882 8 9 
593 253844 253882 10 11 
596 253844 253884 12 13 
599 253845 253878 14 15 
600 253845 253883 16 17 
601 253845 253884 18 19 
602 253895 253927 0 1 
604 253895 253928 2 3 
607 253895 253928 4 5 
610 253895 253928 6 7 
605 253895 253930 8 9 
609 253895 253931 10 11 
603 253895 253933 12 13 
606 253895 253933 14 15 
608 253895 253934 16 17 
611 253896 253933 18 19 
612 253946 253984 0 1 
613 253946 253986 2 3 
619 253947 253983 4 5 
620 253947 253985 6 7 
617 253947 253984 8 9 
618 253947 253986 10 11 
615 253947 253986 12 13 
621 253947 253987 14 15 
616 253947 253987 16 17 
614 253947 253990 18 19 
622 254001 254033 0 1 
629 254002 254033 2 3 
631 254002 254033 4 5 
630 254002 254033 6 7 
628 254002 254034 8 9 
624 254002 254034 10 11 
625 254002 254034 12 13 
626 254002 254034 14 15 
627 254002 254034 16 17 
623 254002 254034 18 19 
637 254049 254081 0 1 
636 254049 254081 2 3 
633 254049 254081 4 5 
638 254049 254081 6 7 
635 254049 254081 8 9 
632 254049 254081 10 11 
634 254049 254081 12 13 
639 254049 254081 14 15 
641 254050 254082 16 17 
640 254050 254082 18 19 
642 254095 254126 0 1 
643 254095 254127 2 3 
644 254095 254127 4 5 
647 254095 254127 6 7 
646 254095 254127 8 9 
645 254095 254129 10 11 
651 254096 254128 12 13 
648 254096 254128 14 15 
649 254096 254128 16 17 
650 254096 254128 18 19 
654 254140 254171 0 1 
653 254140 254171 2 3 
652 254140 254171 4 5 
656 254141 254172 6 7 
657 254141 254172 8 9 
658 254141 254172 10 11 
659 254141 254172 12 13 
655 254141 254172 14 15 
660 254141 254173 16 17 
661 254141 254173 18 19 
667 254185 254217 0 1 
665 254185 254217 2 3 
664 254185 254217 4 5 
663 254185 254217 6 7 
666 254185 254217 8 9 
662 254185 254217 10 11 
671 254186 254218 12 13 
668 254186 254218 14 15 
669 254186 254218 16 17 
670 254186 254218 18 19 
674 254231 254263 0 1 
673 254231 254263 2 3 
672 254231 254263 4 5 
677 254232 254264 6 7 
678 254232 254264 8 9 
680 254232 254264 10 11 
676 254232 254264 12 13 
679 254232 254264 14 15 
681 254232 254264 16 17 
675 254232 254264 18 19 
683 254277 254305 0 1 
684 254277 254305 2 3 
682 254277 254305 4 5 
686 254277 254305 6 7 
685 254277 254305 8 9 
688 254278 254306 10 11 
687 254278 254306 12 13 
691 254278 254306 14 15 
689 254278 254306 16 17 
690 254278 254307 18 19 
692 254319 254347 0 1 
696 254320 254348 2 3 
693 254320 254348 4 5 
695 254320 254348 6 7 
699 254320 254348 8 9 
698 254320 254348 10 11 
694 254320 254349 12 13 
697 254320 254348 14 15 
700 254320 254350 16 17 
701 254321 254349 18 19 
702 254350 254362 0 1 
705 254359 254387 2 3 
704 254359 254387 4 5 
703 254359 254387 6 7 
710 254360 254388 8 9 
706 254360 254388 10 11 
712 254360 254388 12 13 
708 254360 254388 14 15 
707 254360 254388 16 17 
711 254360 254388 18 19 
709 254360 254389 20 21 
713 254399 254427 0 1 
721 254400 254427 2 3 
720 254400 254427 4 5 
715 254400 254428 6 7 
717 254400 254427 8 9 
716 254400 254428 10 11 
719 254400 254428 12 13 
718 254400 254428 14 15 
714 254400 254429 16 17 
722 254402 254430 18 19 
724 254445 254472 0 1 
723 254445 254473 2 3 
729 254446 254474 4 5 
728 254446 254474 6 7 
727 254446 254474 8 9 
732 254446 254474 10 11 
726 254446 254474 12 13 
731 254446 254475 14 15 
725 254446 254475 16 17 
730 254446 254475 18 19 
734 254484 254511 0 1 
733 254484 254512 2 3 
735 254484 254512 4 5 
736 254484 254512 6 7 
738 254484 254512 8 9 
737 254484 254512 10 11 
739 254485 254513 12 13 
740 254485 254513 14 15 
742 254485 254513 16 17 
741 254485 254514 18 19 
744 254523 254555 0 1 
743 254523 254555 2 3 
748 254524 254556 4 5 
745 254524 254556 6 7 
750 254524 254556 8 9 
746 254524 254556 10 11 
749 254524 254557 12 13 
747 254524 254557 14 15 
751 254524 254558 16 17 
752 254525 254560 18 19 
753 254545 254557 20 21 
757 254570 254601 0 1 
756 254570 254602 2 3 
755 254570 254601 4 5 
754 254570 254603 6 7 
758 254571 254602 8 9 
759 254571 254602 10 11 
762 254571 254603 12 13 
761 254571 254602 14 15 
763 254571 254602 16 17 
760 254571 254603 18 19 
764 254613 254648 0 1 
767 254614 254649 2 3 
769 254614 254649 4 5 
765 254614 254649 6 7 
768 254614 254650 8 9 
772 254614 254650 10 11 
766 254614 254650 12 13 
770 254614 254649 14 15 
771 254614 254650 16 17 
773 254615 254650 18 19 
775 254663 254701 0 1 
774 254663 254701 2 3 
776 254663 254701 4 5 
782 254664 254701 6 7 
781 254664 254701 8 9 
780 254664 254701 10 11 
778 254664 254702 12 13 
783 254664 254701 14 15 
777 254664 254703 16 17 
779 254664 254702 18 19 
784 254705 254716 0 1 
786 254712 254749 2 3 
787 254712 254749 4 5 
785 254712 254750 6 7 
788 254713 254749 8 9 
792 254713 254750 10 11 
790 254713 254750 12 13 
791 254713 254750 14 15 
794 254713 254751 16 17 
789 254713 254751 18 19 
793 254713 254751 20 21 
797 254760 254797 0 1 
795 254760 254797 2 3 
796 254760 254798 4 5 
799 254761 254797 6 7 
801 254761 254798 8 9 
798 254761 254798 10 11 
803 254761 254798 12 13 
804 254761 254799 14 15 
802 254761 254799 16 17 
800 254761 254800 18 19 
805 254810 254847 0 1 
807 254810 254851 2 3 
806 254810 254851 4 5 
808 254811 254848 6 7 
812 254811 254850 8 9 
809 254811 254850 10 11 
811 254811 254850 12 13 
810 254811 254851 14 15 
813 254811 254851 16 17 
814 254811 254852 18 19 
815 254860 254906 0 1 
816 254866 254930 2 3 
818 254866 254985 4 5 
819 254866 254996 6 7 
820 254866 255010 8 9 
817 254866 255058 10 11 
825 254867 254966 12 13 
822 254867 254989 14 15 
823 254867 254984 16 17 
824 254867 255028 18 19 
821 254867 255042 20 21 
826 254911 254935 0 1 
827 254974 254976 0 1 
828 254978 258282 0 1 
829 254978 258192 2 3 
830 254979 258194 12 13 
836 254979 258253 22 23 
833 254979 258252 24 25 
837 254979 258257 26 27 
835 254979 258253 28 29 
832 254979 258252 30 31 
834 254979 258251 32 33 
831 254979 258251 34 35 
838 254995 255073 4 5 
839 255172 255242 4 5 
841 255642 255645 4 5 
842 255642 255713 6 7 
840 255642 255779 8 9 
843 256190 256191 4 5 
845 256191 256245 4 5 
844 256191 256244 6 7 
847 256301 256373 4 5 
846 256301 256440 6 7 
848 256378 256443 4 5 
849 256643 256717 4 5 
850 256643 256781 6 7 
851 256783 256851 4 5 
853 257137 295905 4 5 
852 257137 295905 6 7 
856 257137 295905 8 9 
854 257137 295905 10 11 
855 257137 295905 14 15 
860 257138 295906 16 17 
857 257138 295906 18 19 
859 257138 295906 20 21 
858 257138 295906 36 37 
861 257878 257880 38 39 
862 257894 257896 38 39 
863 257916 258161 38 39 
864 258699 258891 0 1 
866 258700 258818 2 3 
867 258700 258829 12 13 
871 258700 258820 22 23 
873 258700 258799 24 25 
869 258700 258842 26 27 
870 258700 258818 28 29 
865 258700 258857 30 31 
872 258700 258859 32 33 
868 258700 258874 34 35 
874 258811 258845 24 25 
876 258811 258848 38 39 
875 258811 258884 40 41 
877 258811 258899 42 43 
883 258812 258844 44 45 
878 258812 258862 46 47 
879 258812 258866 48 49 
882 258812 258873 50 51 
881 258812 258881 52 53 
880 258812 258878 54 55 
884 258858 258898 2 3 
890 258859 258899 12 13 
885 258859 258899 22 23 
889 258859 258899 24 25 
893 258859 258900 26 27 
887 258859 258899 28 29 
886 258859 258899 30 31 
892 258859 258900 32 33 
891 258859 258901 38 39 
888 258859 258901 44 45 
899 258913 258951 0 1 
896 258913 258951 2 3 
898 258913 258951 12 13 
894 258913 258952 22 23 
895 258913 258952 24 25 
900 258913 258951 26 27 
897 258913 258952 28 29 
902 258914 258952 30 31 
901 258914 258953 32 33 
903 258914 258952 34 35 
905 258963 259137 0 1 
904 258963 259137 2 3 
906 258964 259138 12 13 
912 258964 259138 22 23 
907 258964 259137 24 25 
908 258964 259139 26 27 
909 258964 259140 28 29 
910 258964 259137 30 31 
913 258964 259138 32 33 
911 258964 259138 34 35 
914 259150 259191 0 1 
921 259151 259191 2 3 
920 259151 259191 12 13 
918 259151 259191 22 23 
917 259151 259191 24 25 
916 259151 259192 26 27 
919 259151 259191 28 29 
915 259151 259192 30 31 
923 259152 259192 32 33 
922 259152 259192 34 35 
924 259202 259241 0 1 
925 259202 259241 2 3 
926 259202 259241 12 13 
931 259203 259242 22 23 
927 259203 259242 24 25 
930 259203 259242 26 27 
933 259203 259242 28 29 
929 259203 259242 30 31 
932 259203 259242 32 33 
928 259203 259243 34 35 
939 259254 259518 0 1 
934 259254 259518 2 3 
938 259254 259518 12 13 
937 259254 259518 22 23 
935 259254 259518 24 25 
936 259254 259519 26 27 
940 259254 259519 28 29 
941 259255 259520 30 31 
943 259255 259519 32 33 
942 259255 259520 34 35 
944 259531 259573 0 1 
946 259532 259574 2 3 
947 259532 259574 12 13 
950 259532 259574 22 23 
949 259532 259575 24 25 
951 259532 259575 26 27 
952 259532 259574 28 29 
945 259532 259575 30 31 
948 259532 259574 32 33 
953 259533 259575 34 35 
955 259587 259741 0 1 
956 259587 259741 2 3 
954 259587 259741 12 13 
957 259587 259741 22 23 
962 259588 259741 24 25 
958 259588 259742 26 27 
960 259588 259742 28 29 
959 259588 259742 30 31 
961 259588 259742 32 33 
963 259588 259742 34 35 
966 259753 261064 0 1 
964 259753 261066 2 3 
967 259753 261065 12 13 
965 259753 261065 22 23 
973 259754 261065 24 25 
972 259754 261064 26 27 
970 259754 261064 28 29 
969 259754 261065 30 31 
971 259754 261067 32 33 
968 259754 261064 34 35 
974 261077 277943 0 1 
976 261078 269796 2 3 
980 261078 269024 12 13 
981 261078 273205 22 23 
979 261078 274976 24 25 
975 261078 282257 26 27 
977 261078 273494 28 29 
978 261078 271535 30 31 
982 261078 275004 32 33 
983 261079 275362 34 35 
984 287638 287639 0 1 2 3 
988 345531 352793 0 1 2 3 4 5 6 7 8 9 10 11 12 13 14 15 16 17 18 19 20 21 
989 409236 409277 0 1 
991 410403 410407 0 1 2 3 
992 410486 410489 0 1 2 3 
993 410601 410643 0 1 2 3 
994 410740 410781 0 1 2 3 
995 412508 413499 0 1 2 3 
997 414004 414098 0 1 2 3 
998 414695 414737 0 1 
999 414714 421666 2 3 4 5 6 7 8 9 10 11 12 13 14 15 16 17 18 19 20 21 22 23 24 25 26 27 28 29 30 31 32 33 34 35 36 37 38 39 40 41 42 43 44 45 46 47 48 49 50 51 52 53 54 55 56 57 58 59 60 61 62 63 64 65 66 67 68 69 70 71 72 73 74 75 76 77 78 79 80 81 82 83 84 85 86 87 88 89 90 91 92 93 94 95 96 97 98 99 100 101 102 103 104 105 106 107 108 109 110 111 112 113 114 115 116 117 118 119 120 121 122 123 124 125 126 127 128 129 
1000 415510 415628 130 131 132 133 
1001 415733 416695 130 131 132 133 
1003 416194 416241 134 135 136 137 
1004 416280 416355 134 135 136 137 
1005 416385 416459 134 135 136 137 
1006 420811 454502 0 1 
1002 421666 432529 2 3 4 5 6 7 8 9 10 11 12 13 14 15 16 17 18 19 20 21 22 23 
1007 422299 422367 24 25 26 27 
1008 423462 423464 24 25 
1009 423532 423564 24 25 26 27 
1010 424256 424277 24 25 26 27 
1011 426457 426567 24 25 26 27 
1012 427844 427854 24 25 26 27 
1013 427862 427863 24 
1014 427900 427902 24 25 
1015 427901 428047 26 27 28 29 
1016 428067 428141 24 25 26 27 
